eye
   -7.1042  -0.0507   1.5900
    0.0000   0.0000   0.4000
    0.1652  -0.0016   0.9863
  0.2393

light
   -1.0000   0.0000   1.0000
    1.0000   1.0000   1.0000

material
  floor
    0.0000   0.0000   0.0000
    0.4000   0.4000   0.4000
    0.1000   0.1000   0.1000
  100.0000
  0.9990
    0.0000   0.0000   0.0000
  1.0000
  -

material
  glass
    0.0000   0.0000   0.0000
    1.0000   1.0000   1.0000
    0.0000   0.0000   0.0000
  1.0000
  1.0000
    0.0000   0.0000   0.0000
  1.0000
  data

triangle
    1.0000   1.0000   0.0000/0.0000 0.0000/  0.0000   0.0000   0.0000
    1.0000  -1.0000   0.0000/0.5300 0.0000/  0.0000   0.0000   0.0000
    1.0000   1.0000   1.0000/0.0000 0.5200/  0.0000   0.0000   0.0000
  glass

triangle
    1.0000  -1.0000   0.0000/0.5300 0.0000/  0.0000   0.0000   0.0000
    1.0000  -1.0000   1.0000/0.5300 0.5200/  0.0000   0.0000   0.0000
    1.0000   1.0000   1.0000/0.0000 0.5200/  0.0000   0.0000   0.0000
  glass

triangle
  -10.0000 -10.0000   0.0000/0.0000 0.0000/  0.0000   0.0000   0.0000
   10.0000 -10.0000   0.0000/1.0000 0.0000/  0.0000   0.0000   0.0000
  -10.0000  10.0000   0.0000/0.0000 1.0000/  0.0000   0.0000   0.0000
  floor

triangle
   10.0000 -10.0000   0.0000/1.0000 0.0000/  0.0000   0.0000   0.0000
   10.0000  10.0000   0.0000/1.0000 1.0000/  0.0000   0.0000   0.0000
  -10.0000  10.0000   0.0000/0.0000 1.0000/  0.0000   0.0000   0.0000
  floor

